# ============================================
# ARQUIVO DE CONFIGURACAO DO LABIRINTO DE CRETA
# Gerado automaticamente.
# ============================================

# --------------------------------------------
# PARAMETROS GERAIS DO GRAFO
# --------------------------------------------
NUM_VERTICES: 47
NUM_ARESTAS: 46

# --------------------------------------------
# PARAMETROS DA SIMULACAO
# --------------------------------------------
ENTRADA: 1
SAIDA: 47
MINOTAURO_INICIO: 7
PERCEPCAO_DISTANCIA: 8
TEMPO_MAXIMO: 150

# --------------------------------------------
# DEFINICAO DAS ARESTAS (u, v, peso)
# --------------------------------------------
ARESTAS:
1 2 4
2 3 3
3 4 1
3 11 4
4 5 5
5 6 2
6 7 2
7 8 5
8 9 2
9 12 2
10 13 2
11 16 4
12 20 3
13 22 1
14 15 1
15 16 3
17 18 4
17 23 2
18 19 1
20 21 2
21 22 3
22 24 1
23 29 5
24 34 5
25 26 2
25 35 5
26 27 1
27 28 1
28 29 1
29 30 5
30 31 2
31 36 3
32 33 4
32 37 1
33 34 2
35 38 4
36 43 4
37 45 2
38 39 3
39 40 1
40 41 5
41 42 4
43 44 1
44 45 1
45 46 2
46 47 4