1 1 -1
2 2 -1
3 3 -1
4 5 -1
5 7 -1
6 8 -1
7 9 -1
8 10 -1
9 11 -1
10 12 -1
11 13 -1
12 1 -2
13 3 -2
14 5 -2
15 7 -2
16 13 -2
17 1 -3
18 3 -3
19 4 -3
20 5 -3
21 7 -3
22 9 -3
23 10 -3
24 11 -3
25 12 -3
26 13 -3
27 1 -4
28 7 -4
29 9 -4
30 13 -4
31 1 -5
32 2 -5
33 3 -5
34 4 -5
35 5 -5
36 6 -5
37 7 -5
38 9 -5
39 11 -5
40 12 -5
41 13 -5
42 1 -6
43 9 -6
44 11 -6
45 1 -7
46 3 -7
47 5 -7
48 7 -7
49 8 -7
50 9 -7
51 11 -7
52 13 -7
53 1 -8
54 3 -8
55 5 -8
56 7 -8
57 11 -8
58 13 -8
59 1 -9
60 2 -9
61 3 -9
62 5 -9
63 6 -9
64 7 -9
65 9 -9
66 10 -9
67 11 -9
68 12 -9
69 13 -9
